20 60 20 5 7 100 2 1
12 16  4 13 18  5  2  4  5  2 16  2  8  8  5  9 14 19 10  0  5 10 20  2  2  9 17 10  4  6  7 18  6 13  4  6 15 13 11  4  7  1  3 17  7  4 14  7 13  2 12 15  6  2 16 19 10 16  6  8
 6  4  2  7 15  2 20 15 13 16  3  8 19 14 20 12 10 10 15  0  4 18  9  2  8 10  2 13  6 17  1  8  4 15 10  8 16 12  0 13 14  3  4  8 14  3  0  6 16 13  2 18  5 13  3 19 10 15 13 18
 2 11 20 18 18  4 12  9  5 18  1 13 12 15  9 19  0  6 16 20  5  3  4  0 16 18 15  2 19  1 16  0 19  5  9 13 18 20 15 17  6  3 17 12 20  1  7 20 10  3  0 17  4 12  5  2  6  5 13 15
12 16 17 20 17  8 12 16  2 18  0 10 14  6  3 20 20 16 14  9 14 17  6 14 19  2  9 10 14 14  8 16 14 12  3  8  2 11  9  2  3 20 15 15 15 13  0 12 15 20 19 16 12  1  2  0 15  0 12 15
 9 13 15  6  0  6  5  7 18  9  7  2  4 12 20  2  4 15 13 18  3  3  1  4 20 14 16  8 12  1  8  5  3  5 14  7 12  5  3  7  1  6  4  0 19  7 12  4 11  0  3  4  8 20 13  9  9 20 16 16
10  7 12  4  8 17  5  7 20  3  8  8  0 15  9  1  7  4  2  1  8  6  6  0  9  2  0  4 13  7 15  3  2 16  5 11 19  0 17 11 13  9  1 11  9  7  0  9  5 10 12 11  4 15 18 16 10 18  0  2
12 12 16  0 17  8  1 12 17  0  4 20 12 13  5 20 17  2 10 13 11 20 15 20  5 18  1 18  9 18  4  1 13 17 10  5 16 16  0 16 13  4 20 12  3  7  7  0  2 16 19  2  0  7 20 12 12  7 16 13
19  8  2  5 12  9 18  2 13 20  4  4 17 19 10 12  3 14 16  8  1 15  3  8 16  6  7 14 13  0  2 14  0  8 10 15 12 20 12  0 13  8 14 11  7  5 17 13  7  4  8  0 11 10  1  0 11 14 20 11
 9  1  4  5 15  7 18 13  4  5  1  9  7  7  0 17 19 11  0 11 10 10  0  5  8 16 11 16  9  0 14 16 13  2 19 17  9  8  8 10  0  2 14 16 20 17 12  5  0  5 14 18 14  6  4 16 14 16 17 14
 9  9  2 10  7  0  6 10  1  8 19 10 17 11  4  6  3 10 16 10  1 19  6 17 20  3 20  8  0 17  7 12 13  9  6  7 14  0 17 14  1  8  1  0 17  8 19  8  3 15  0 18  4  1  9 11  1  8 18  5
 6  2  3 17  4 12  2 12  4 10  7  5 16 16 16  9  4  3  4 20  2 15  8 11 17 13 12  4  2  3  4  8 11  2  8  2  9 17  6  1 11 14  8 17 14  3 16 10  2 17  2  0  5 18  0 14  1 19  7 15
 7  6  4  8 15  9 10 18  0  2 13  4 16 14 13 12 20  5 11 10  1 11 15  0  8  3  9  7 18  5 12  8 11 13 11 15 16 10 17  0  0 14 10 13 14 14 20 17  2  4 12 13  1  7  4 11  9 16  7  4
10 19 12 16  5 20 18  1  4 12 15 20  8 15  3  3 11  8 17 13  4  2  1 13  5  9  5  1 13 17 10 20 12 19 14 13 19 18 19  5 17  2  4  7  4 12 15  1  2 20 19 14 15  2  7 10 10 14 20 10
 4 20  1 16  0  8 17 12  3  4  3 12  9 13 18 17 19 13 15  8 14 20  2  7 12  4  1 16 18 12  7  9  2  2  8 16  7  9  1 17 14  5 17 14 11  6 12 20  5 20 10  5 11 11 20 18  8 15  1 20
12 18 12  0 15  4 13  7  5  5  7  6 10  2  2 19 10  7  7  7  3 14  5  2  8  1 20 19 12 14 18 10  5  8  6  0 12 19  2 13  5  2 13 16 16  6  7 13  4 18  0  1  7 16  0  1  9  9  7  6
14  3 19  1  4  0 17 16 20 14  7 15  2  0  8  1  7 16  2  5  6 17 12 15 15 18 20  5 10 19 18 19 10  3  2  5  8  0 18 10  6  0  5  7 18 18 12 15 17 14  3 17  2 17  3  8 16 12 11 17
 1  7  8 17  9 20 15 16  6 10  4 17  5  5  1  4  4  7 12  6 15  1  5  1 15  1  5  2  7  6  7 15 14 14 18  3 13  7 13  3  9  7  6  4 12  9  2  2  4  3 16  7 13  2  2 11 20 13 16  6
 4 17  2  2  2  4 16 19  1  3  0 20 13 17 20  6  9 13  3 20  6 13  1 13 15  6  1 11  3 11 19 14  0 15  5  6 15 19  7 15  5 12  9 17  4 15  7 14  9 13 19 13  1 18  3  1 10 16 19  1
 9 16 15 20  2 13 20  6  7  1 13 12 20 14 20 20 18  4  1 17  3  5 16 16  9 20  5 19  0  3 16 17  2 17  3 17 16  9 19 10  4 11 17  5 18 11 17  7  0  9 14  3 12  2  5  5  5  9  7  1
 5  5 20  4  4 12  6 19 10 11 18  8 19  0 15 17 14 15  3 14  2 18 15  4  2 19 20 14 19 16  1 12  1 13 16  4  6 15 13 19 15 16 19 18 14  6 10 17 13  6  6 15 10 10  5  6 11 20 14  5